30, 50, -44, 74, -42, -14, 0, -20, 4, -64, 86, 73, -66, -66, 96, 83, 63, 52, 68, 60, 97, 59, -52, 78, -61, 61, -78
26, -23, -10, -51, 85, 38, 64, 36, 83, -45, 61, 68, 31, -4, -66, 81, -13, -35, -8, -92, 42, -100, -59, 22, 90, -27, 47, -96, -73, 49, 32, 76, 15, -75, -69, 89, 39, -15, 40, 62, -49, -100, -59, -77, -18, 58, 67, -67, -64, 4, 51, -14, 10, 39, -50, 39, 37, 98, 43, -80, -50, 14, -9, 23, -51, 65, 15, -71, 1, 79, -31, -4, 82, 18, -85, -34, 17, 74, -25, -18, 17, -19, -4, -81, -2, 34, -52
62, 99, -4, 97, 80, -93, -92, 29, 96, 40, -63, 1, 93, -46, -77, 88, -52, 50, 65, 9, 49, -79, 78, 61, 43, 35, 51, -26, 31, 71, -83, -18, 82, 96, 40, -15, -47, -98, -57, 10, -63, 33, -70, 85, 76, 42, -65, 96, -69, 51, -79, 73, -23, 37, -99, 74, 43, 55, -27, -79, 90, -94, -16, 62, -59, 93, -22, -29, 71, -76, -37, -32, 68, -57
67, 4, -93, -85, -3, -43, 7, -64, -28, -59, -73, -70, -36, 38, 85, -18, -88, 78, -52, -85, -49, -85, 12, 53, 17, -31, -73, 15, 50, -66, -78, 41, 66, -78, -90, 81, -26, -23, -49, 0, -34, -87, -11, -40, 60, 100, 84, -31, -7, -24, 67, 28, 97, -38, -69, 25, -34, -10, 34, 78, 83, 74, -1, 29, -98, 34, 95, -31, -50, 86, -89, 37, 49, 46, 31, 92, -100, -59, 58, 50, 68, -92, 22, 21, -93, 72, -61, 37, 75, -6, -4, -22, 30, 47, -74, -60
89, 49, -54, -45, -56, -43, 80, -23, 45, -69, 86, 22, 15, -17, -68, -94, -81, 77, 68, -55, 57, -69, -29, -41, -63, 39, -64, 65, 95, 72, 30, 65, -46, 34, 84, -59, 71, -70, 46, -5, 6, -28, -55, 35, -11, 98, -23, -73, -90, -42, -24, -13, -3, 21, -51, -89, 38, -11, 66, 0, -90, -73, -40, 45, 83, -99, -85, 40, -54, 0, -28, 53, 0, 81, 26, -19, 4, -95, -30
18, -12, -58, 90, -8, -91, -92, 61, 83, -13, 96, 22, 90, 26, -60, 39, -19, -50, 95, -68, 41, -82, 17, -41, 52, 91, 11, 36, 60, 55, 42, 92, 3, 17, 100, -84, 46, 19, 56, -59, -61, -69, 63, -39, -70, 39, -50, 1, -53, -96, 95, -22, -93, -37, -46, 95, 69, -69, -50, -6, -8, 71, 30, -3
-91, 54, -59, 24, -51, -85, 40, -38, 5, 45, 50, -24, 23, 44, 34, -73, 15, 37, -14, -70, 0, -46, -61, -53, -15, 4, 69, 89, 95, -71, -26, 60, 43, 98, -6, 36, -89, 38, -28, -38, -16, 21, -47, 69, -91, -1, -8, 49, 99, 94, -88, -26, -96, 99, -15, -28, 94, 56, -7, 15, -84, 22, 13, 20, 95, -58
78, 45, 26, -88, -53, 72, 75, 37, -10, 13, 18, -96, 96, 76, 55, 81, -47, 18, -62, 27, -2, -60, -22, -62, -60, 79, 73
58, 74, 93, -80, -22, -66, 4, 26, 80, 42, 76, -72, 15, 8, 67, -54, -50, -28, -86, -44, -11, -70, 2, -24, -37, -77, 26, 49, -77, 41, -84, -82, -81, 48, -48, -34, 82, 55, -27
52, -37, 19, 95, -11, -80, -92, 50, 25, -49, -33, 67, 12, 39, 40, -40, -39, 58, 41, -9, 37, -59, -24, 50, -33, -25, -38, 16, -19, 64, -18, 100, 65, -71, 30, 7, 63, -7, 38, 7, 8, 20, 90, -3, 79, -71, -99, -80, -3, -76, 33, 10, -60, -86, -11, 65, -40, -45, 14, 6, 22, 48, 87, -88, 65, -27, -8, 55, 20, 21, -39, 32, 9, -28, -100, -79, 22, -8, 41, -25, 42, 78, -48, 84
59, 78, -82, 71, 41, 97, -40, 39, -32, -80, -84, 64, 84, -12, 33, -17, -31, -57, -46, 74, -34, -71, -83, -86, -54, 58, -54, -28, -89, 5, 21, 2, -57, -32, 2, 8, -32, -78, 13, -45, 92, -57, 100, 30, -88, 75, -53, 68, 53, 89, -55
-48, 71, -20, 76, -19, 66, 76, -44, -10, -39, -40, 42, -1, 90, 43, 9, -4, 46, -73, 47, 9, 4, -97, -8, -14, -2, -17, 91, 86
30, -97, -45, 79, -57, -82, -47, -46, -84, -88, -38, -25, -43, 35, -79, -48, 47, -15, 0, 64, -68, 20, -85, 58, -76, 28, 28, -36, 100, 93, 78, 26, -1, -76, 57, -92, 82, -49, 79, -35, 45, -36, -59, 86, 20, -45, 81, -26, -49, 84, 12, 75, 62, -1, 16, 90, 25, -69, -72, -3, 95, 33, 43, -10, -12, 71, -12, 93, -36, -1, 63, -61, 82, -50, 59, 60, 87, -32, 68, -2, 94, -45, 100, 45, 17, -51, -31, 92, -39, -12, -90, -87, -43, -41, -12, -84
16, 2, -3, 43, 77, -9, -52, -87, 47, 11, -42, 70, -54, 65, -82, 67, 42, -85, -30, 66, -72, -61, -37, -61, 86, 20, 76, -23, -86, 62, -14, 83, -37, -89, 68, 81, -66, 46, -15, -24, 57, -93, -94, -98, 19, -12, 64, -65, 34, 49, 77, 48, -71
56, -63, 48, 25, -16, 80, 95, -75, -98, 57, -7, 42, 57, 62, 7, -18, -41, -96, -92, -50, -57, 4, -93, 96, 34, -48, -53
-16, 40, 44, -83, -92, 90, -92, 52, 11, 21, 47, -94, -69, 93, 4, -19, -91, -49, 83, 48, 50, -49, -79, 66, -19, -17, 22, 72, 64, -62, 43, 30, 59, -71, -58, 82, -36, -52, -92, 83, -61, -3, -54, -68, -93, -43, -22, 27, 72, -40, 46, -90, 97, -99, 62, -62, 39, 32, -40
83, 31, 79, -65, -84, -23, 8, 53, -74, 26, 72, 89
59, 30, 84, 24, 79, 67, 1, 79, 61, -14, 0, 45, -15, -10, -79, -25, -8, -17, -21, 92, 18, 60, 61, -36, 24, 24, -32, -3, -88, 84, 40, 40, -28, 66, 31, -83, 80, 74
46, 98, 20, 49, 37, 19, 61, 13, -29, 29, 58, -54, -27, 97, -40, -98, -18, -10
-98, 97, 7, 96, 43, 50, 84, -70, 0, -22, -35, 67, -31, 97, 57, -12, -78, -71, -8, -11, -16, -57, -23, 22, 7, -32, 21, -23, 41, 35, 67, 30, -26, -43, 3, -68, -61, 15, 27, 27, -57, 27, 88, 50, 100, -56, -69, -13, 51, -69, 85, 33, 25, -11, 66, 96, 18, 57, -35, -42, 76, -83, 39, 51, 4, -54, 10, -35, -78, 68, -7, -11, 21, 33, 99, 85, -12, -79, -86, 90
