56, -98, -88, 3, 28, -29, -60, 57, 39, -83, 99, -37, 17, 43, -4, 6, 81, 65, 86, 16, 31, -78, -55, -6, 68, 96, -97, 99, -60, -73
-19, -38, 53, -84, 0, -20, 96, -33, 26, 60, 53, -90, 61, -67, 70, 85, -56, 95, 65, -41, -32, -90, 28, -30, -99, 57, -96, 77, -88, -62, 27, 5, 31, 89, -90, -3, 28, -14, -81, 64, 29, 73, -18, -35, -1, 43, -35, -43, 40, 88, 47, 27, -82, 94, 93, -46, -72, -1, 39, 56, 44, 25, 34, -28, 54, 47, -48, 91, -96, -10, -70, 52, 56, 98, 33, 99, 76, -24, 14, -96
38, 33, 55, 2, 22, -25, -65, -30, 88, 91, 15, -31, -16, -44, -45, -100, 0, -66, 87, 63, -98, -55, 80, -93, 22, 48, -51, 43, 64, -72, -77, -45, -72, 27, 100, 31, -34, 62, 94, 85, 37, 20, -88, 75, 97, -43, 95, -36, -88, -69, 19, -74, -1, 8, 74, -52, 50, 32, -97, 97, -3, -10, -77, 66, 49, -30, -46, 63, -9, 7, 38, 63, -5, -18, 27, -16, 61, -74, 2, 63, -62, -12, 97, 86, -7, -20, -67, -57, 5, 21, -58, 15
95, -18, -22, 6, -81, -57, -36, 93, -12, -33, -81, -5, -33, -33, -12, -16, 5, -68, 65, -28, 19, -10, -21, -78, -52, 95, 59
94, -17, 10, 85, 36, 34, 23, -77, -77, 63, 4, 85, 66, 22, 5, 35, -99, -67, -8, 81, 49, 62, 12, 78, -95, 71, -23, -75, -13, 82, 29, 79, 70, 1, 2, 70, -61, 95, 95, 28, -25, 1, 44, -11, 3, 100, -41, -76, -58, 15, 86, 79, -19, 16, -31, -19, 46, -44, 3, 68, 18, -48, -4, 97, 100, 50, -32, -52, -73, 78, 37, 0
19, -67, -67, -85, 98, -75, 100, 31, -71, 84, 4, -36, -84, 82, -22, 15, -43, -59, 73, -57, -75, -53, -50, 78, -13, 73, -21, -32, -70, 48, -2, 14, -9, 83, 0, 10, 55, 7, -78, -100, -74, -41, 12, 52, 93, -79, -67, 75, -4, 55, 94, -75, 27, -79, 40, -61, 62, 17, -13, 66, -80, 36, 72, 99, -38, 34, 53, -98, 63, -30, 7, -39, 80, -21, 31, -57, -86, -48, -98, -74, 19, -73, 33, -71, 100, -84, 43, -61, -16, -83, -18, 37, -55, 57, 56, 8, -12, -18, -31, -15, 31
28, -67, -5, 24, 71, 64, 67, 13, 7, -86, 27, -81, 29, 23, -92, 55, 10, -52, -34, 22, 84, -41, 24, -90, -46, 35, -9, -26, -76, 25, -32, 30, -24, -11, -94, -36, 12, -99, -67, -46, -6, -89, -15, 77, 27, -29, 27, -66, -53, -54, -18, 91, -94, 44, 84, -95, -47, -48, -41, 25, -95, 3, -93, 2, -3
-33, 27, -93, 22, 100, -29, -45, 26, 12, 63, 40, -54, 35, 56, -45, -22, 41, 54, 40, -28, 74, 87, -17, -46, -60, -47, 39, 78, -26, -18, 4, -71, -83, 37, 93, -31, 8, -39, 79, -83, 51, 86, 0, -17, -51, -3, -28, 49, 91, 12, -87, 37, -16, 86, 75, 85, -55, -33, 6, -71, -21, 28, -84, 77, -93, 77, 59, 98
-20, 83, -52, -23, -17, 75, -22, 14, -64, 36, -59, -66, -15, 79, 59, -84, 42, 92, 6, 92, 38, 41, -51, 25, -73, 25, 27, 82, 60, -29, 78, -84, -3, -55, -28, 90, -43, -83, 98, -86, 55, 51, -61, 19, -1, 64, 1, -1, -17, 40, 66, 76, 80, -47, -56, 53, 54, 96, 20, -77, 6, -91, 71, 61, -82, 2, 19, -96, 88, 49, 16, -79, 64, -24, 7, -56, -6, 91, -24, -7, 20, -52, 9, 56, -100, 30, -12, -24, 57, 57, 41, -63
-38, -87, 54, -73, -27, 70, 35, 64, -28, -45, 63, 27, 12, -10, 100, -97, 82, -38, 33, -10, 80, 37, -42, 57, 58, -29, 42, 97, 3, 21, -30, 3, 31, 14, -26, -19, 93, -85, 57, 34, -12, 40, 10, -24, 15, 3, -89, -68, -31, -44, 62, 85, -84, -2, 79
-75, 26, 85, -11, 15, -19, -94, 85, -77, 41, 0, 99, 78, -70, -37, 81, 81, 68, -65, -97, 5, -57, 81, -59, -91, -60, 52, -56, 63
-64, 33, 79, -5, -77, -24, 94, -95, 72, 100, -89, 9, -92, 90, 50, 41, -94, -14, 42, 98, -32, 63, -53, -20, 9, 24, -48, -19, -27, 86, 73, -89, -39, 92, -90, -53, 62, 82, -38, 84, 93, 17, 84, -87, 22, 69, -78, -40, 60, 60, -6, 22, 32, -54, 22, 78, -97, 72, -38, 80, -8, 28, -43, -44, -1, 27, 48, 28, 60, 50, 69, 25, 21, -13, 81, 14, -19, -41, -26, -86, 70, -27, 43, 0, 97, -15
37, -65, 98, 93, -82, 71, -58, 34, 73, 41, -43, -52, -40, 2, 7, -63, 57, 90, 64, 17, 0, -24, -51, 12, -38, 10, -39, 43, -81, -35, -44, -83, -86, -19, 87, -28, 56, -100, -76, -34, -90, 51, 84, -68, -53, 65, 92, 50, 38, -52, -1, 11, -35, 21
18, 62, 91, 87, 99, 63, -56, -91, -64, -30, 36, 62, 60, -98, 19, -9, -26, 19, 82, -18, 32, -13, -43, 87, -38, -39, 56, 96, -25, 70, 24, -54, -88, -57, 98, 9, -5, -79, -39, 52, -91
-73, 84, 71, -31, 0, 25, 7, 0, -61, -90, 38, 66, -25, 28, -61
-88, 43, 68, -44, -49, -28, -65, -57, 21, -15, -75, 30, -15, 76, -62, -20, -88, -45, -30, 68, -22, -51, -82, -95, 1, 12, -45, 18, -15, 13, -21, -15, 30, -27, 2, -44, -36, -12, 61, 63, -15, -74, -83, 88, -67, 58, 96, -44, -30, 15, -60, -29, -23, -60, 44, 48
45, 64, 86, 74, -36, 89, -29, 7, -91, 96, 72, -8, 28, -27, -46
98, -24, -5, 52, 41, 76, -28, 99, -28, 25, -82, 17, 52, -3, 33, 79, 49, 3, 39, 14, 19, 31, 94, 11, -62, 69, -99, 75, 77, -90, -53, -78, -85, -69, -18, -54, -5, -84, 42, 28, 82, 38, 52, -16, 28, -61, 12, -65, -75, -95, 6
34, 86, -48, -78, -9, 87, -36, -55, -1, 76, -3, -81, -38, -95, 23, 65, -17, -58, -75, 57, -96, 58, 43, -28, 37, -63, -49, 3, -66, -63, 39, 80, 77
12, 98, -61, 55, -3, -12, -25, 97, -22, 28, -2, -99, 97, -51, -38, 78, -8, 7, 67, -15, 92, -62, 71, -23, -43, 42, 3, 13, 80, 68, 27, 78, 21, 40, -50, 72, -73, 97, -59, 1, 45, 94, 30, -26, 96, -55, 92, 99, 83, -40, -29, -100, 79, 27, 39
-49, 0, 59, -59, -42, 42, 61, 20, 15, -65, 65
0, -65, 1, 49, 52, -3, -79, -27, -57, 64, 84, 3, 80, -61, -13, 32, -21, -82, -94, 19, -20, -21, -83, 9, 8, 49, 26, -81, 65, -5, 94, -45, -39, -64, 51, -47, -99, -67, -60, 0, 32, 47, 25, 22, 80, -46, -14, 59, -61, 84, -37, 93, 68, -29, 63, 14, -37, -27, 37, 33, -39, 34, 52, -30, 67, -59, -14, -99
98, -47, 17, 86, -23, 84, -80, 1, -31, -64, -21
-36, -84, -67, 10, -35, -42, -23, -86, 50, 77, -51, -55, -20, -50, 88, -12, 89, 95, -77, -61, -84, 16, -49, -40, 47, 30, 37, 9, 21, -56, -36, 94, -81, -65, 62, -5, 12, -28, 48, 8, 41, 90, -64, 73, -48, -31, 100, 14, -19, 47, -39, 51, -62, -88, 4, -47, 73, 78, -84, 72, -44, 4, -9, -27, -21, -49, -68, -85, -33, 88, -93, 95, -22, 37, 65, -89, 42, 68, -75, -51, -43, 95, 67
66, -53, -25, -82, 95, -30, 21, -61, -58, -12, -21, -41, 10, 57, 31, -96, -9, -74, -76, 96, -50, 85, -7, -40, 77, 59, 19, 69, -20, -32, -76, 4, -88, -13, -100, -46, 53, -98
-64, 40, 46, -57, 64, 68, 69, -27, 87, -77, -30, 86, -5, -22, -46, 7, -89, -28, -87, -93, -45, -71, 75, -38, 39, 59, -58, -49, 98, -58, 20, -45, -89, 36, 87, 19, 69, 15, 94, 79, -81, 78, -52, -39, 88, -14, 31, -85, 25, 36, 50, -39, -75, -10, -33, 64, -55, -43, 14, -10, -19, -87, 53, -67, -10, 13, -57, 68, 18, -51, 71, -83, -19, 68, -17, 27, -37, 3, 21, 53, 100, -27, 16, -36, 82, -86, 83, -32, -44
8, 57, -7, 88, 69, 46, 5, 55, 87, -63, -35, -2, 56, 54, 93, 84, 9, 8, -75, 39, 93, 61, 97, 40, -76, 86, -65, -88, 84, -20, -5, -77, 42, -38, -78, -25, -8, -94, 78, -61, 60, 95, 15, -45, -16, -69, 87, -90, 69, -26, 100, 9, -8, -26, 7, 33, -32, -18, 58, 27, 71, 51, 46, 55, 18, 74
-49, 95, 40, 47, 35, -79, 15, -12, -1, -100, -98, -7, 36, 54, 3, 82, -51, -32, -87, -23, 72, -28, -22, -33, 62, -6, 70, 6, -40, -40, -30, -2, 33, -100, -6, -91, -18, 22, -23, -100, 35, -46, 91, -23, -76, -27, -99, 54, -24, 91, -95, 95, -22, -80, -61, -76, 44, 63, 0
-33, 77, 49, 27, 51, -74, -53, 71, -17, 87, -28, 45, -15, 30
-46, -54, -29, -11, -53, 15, 79, 87, 65, -79, -20, 5, 54, 3, -92, -30, 94, -37, 83, 11, 4, 34, 54, 91, 27, -70, 9, 92, -61, -70, -96, -65, -84, 20, -89, 98, 7, -71, 66, -24, 45, -15, 96, -62, 28, -77, 9, 92, -69, -71, -58, -65, 70, -95, 53, -71, 47, 40, -32, -16, -34, 9, -40, -65, 32, 87, 25, -97, -78, 24, 9, -67, -37, 59, 70, 75, 18, 66
46, 29, -43, 52, -93, 84, 42, 60, -50, 76, 81, 34, -88, 83, 29, 14, -77, 8, 70, 73, -83, -52, -29, -28, -55, 52, 18, -66, 79, 42, -22, -40, 85, -5, 5, -1, -22, -33, -8, -30, 71, 80, 17, 83, 45, 5, -99, -39, -7, -58, 78, 62, 3, 4, -76, 41, -86, -47, 52, -32, -55, 43, 42, 26, -6, 6, -59, 68, -70, 54, -72, -32, 99, -92
-5, -35, 34, 56, 59, 86, -3, 54, -25, -62, 80, -37, 54, -36, 5, -96, 86, -90, 66, -89, -70, -2, 13, -74, 54, -46, 63, 15, 25, -98, 51, 20, 95, 51, 21, -76, 15, -34, 58, 58, -44, 68, 51, -24
78, 73, -87, 29, 81, -52, 67, 65, -57, -78, 15, -29, -54, -87, -53, 57, -59, 87, -58, -74, 31, -2, -13, 28, -65, 93, -50, -83, -52, -40, -11, 100, -23, 42, 1
46, -41, -75, 60, 13, -35, 7, 21, -93, 30, -7, -11, 27, 1, -6, -72, 21, 74, -74, -90, 3, 63, -49, -39, -36, 14, 75, 15, -68, 68, -24, -37, -48, -31, -83, -90, -40, -64, -98, -93, 46, -11
7, 47, 79, -61, -86, -77, -30, 80, 12, 34, -6, -41, 60, -35, -99, -30, -96, 98, -8, 79, -20, 42, 98, -47, -78, 11, 91, 23, 38, -36, 85, 45, 46, 64, 44, 23, -17, 25, -46, -82, -87, -64, -64, 34, 79, -83, 84, -9, -66, 44, -97, 57, -20, 19, -62, 26, -71, 55, 20, 27, 26, -16, -52, 62, 13, -94, 28, -25, 37, -59, -65, -21, -67, -62, 79, -33, -98, -51, -99, 60
-38, -41, -23, 45, -85, 98, -53, -97, -56, 57, -71, -79, -39
79, -82, 51, -37, -81, 66, -81, 61, -45, -2, -30, 70, 67, 95, 12, 11, -79, 34, 3, -83, -51, 32, 38, -27, -43, 67, 74, 86, -92, -31, -57, 95, 82, -46, -55, -66, -52, 32, 87, -97, -62, 32, 70, 43, 27, 36, -93, 59, 41, 76, -93, -63, 93, 24, -6, 98, -37, -36, 23, 27, 84, 94, 9, -59, -54, 84, -77, -92, -93, 84, 100, -11, -37, -37, 61, -32, 52, -18, -90, 28, 37, -97, 17, 84, -54, 21, -45
73, -93, -1, -68, -21, -59, 7, -86, -33, -81, 28, -27, -1, 18, 1, -28, -71, -97, 81, -55, -45, 0, -51, 59, 64, 32, 40, -82, 82, 21, -72, 54, -79, -100, -51, 56, -64, 76, 37, -59, 94
-53, -66, 41, 27, 89, -90, -58, 76, -69, 98, -42, 1, 23, 20
84, 42, -76, -86, -95, 85, 30, -68, -14, -27, -43, 45, 61, -20, -67, -52, -31, -45, 52, 17, 44, 78, -91, -27, 58, 54, -44, 99, 52, 86, -26, -78, -57, 56, -39, -45, -74, -95, -16, 97, 94, 71, 55, -6, -77, -75, -12, 32, -26
-25, 7, 27, 14, 69, 49, 13, 47, -65, -5, 73, 10, -72, -48, 63, 89, -6, -68, 62, -68, 32, 34, -78, 9, -7, 44, -15, 40, 12, -79, -43, 47, 99, -64, 90, 29, 41, -57, 24, 68, 40, -24, -4, -42, -40, 49, -77, 45, 45, 24, 83, 68, -9, -45, -62, -47, 95, 70, -68, -92, -63, -72, -87, 41, -16, -10, 62, -22, -63, -71, 88, 48, -36, -36, -85, 81, -59, 31, -18, 86, 20, 12, 61, 86, -89, 7, -74, -73, 1, 32, -84, -72, -21, 56, -65, 11, -80, -43, -50
-49, -89, 99, -41, -81, 59, 47, -80, 28, 57, 22, -57, 96, -38, 64, -26, -83, 23, -16, 22, 84, 74, 82, 14, 46, -53, 69, -21, 79, 57, -94, 52, 33, -92, -57, 0, 3, 99, 44, -2, -32, 95, -96, 96, -80, 12, 2, -16, -76, 29, -1, 12, 75, -40, -69, 96, -36, 73, 73, 22, 89, -62, -52, 40, -43, 79, 35, 79, 49, 34, -83, 64, 13, -75, -20, -75, 83, 43, 70, -99, 72, 63, -42, -61, -91, 65, 14, -65, -10, -47, -12, -61, -66, 70, 24, 35
-25, 18, 95, -92, -78, -35, 49, -31, 3, -62, 54, 29, 96, -8, -76, 86, 88, 76, 16, 91, 39, -20, -34, -73, -52, -74, 50, 68, 21, -37, -55, 67, 74, 66, 46, -33, -27, -28, -53, 47, 32, -82, 96, 33, -33, -65, 42, -98, 41, 82, 92, 8, 56, -63, 96, 90, -50, 82, -94, 17, 14, 71, -29, -82, 41, 35, 75, 57, 60, 6, -13, -43, -78, 76, 51, -54, -48, -3, -20, -79, -84, 92, 93, 25, -41, 17, -15, 17, 36, -12, -79, 19, 87, 27, 64, -85, 82, 0
48, 9, -10, -96, 36, -41, 79, 50, 76, 6, 58, 29, 59, -69, -22, 57, 62, -41, 58, 55, -33, 56, 84, 36, -95, -39, -69, -13, 37, 36, 8, -38, 61, -7, 75, -11, -19, 68, -72, -79, 49, 35, -45, 95, 38, 15, -70, -36, 75, -94, 6, 55, 18, -70, 12, 22, -46, 50, 96, 75, -91, 67, 27
-54, -52, -24, -32, 65, 1, -57, -54, 15, -69, 85, 14, -75, 33, 4, 76, -93, -63, -82, 17, -16, -76, 85, -78, 0, 8, -18, 52, -67, 20, 72, -76, 8, -66, 80, -4, 25, -85, -17, -77, 68, -95, -28, -77, 59, 67, 99, -72, 65, -51, -33, -8, 12, -18, -46, 54, -23, -33, -76, 49
56, -65, 76, 47, 38, -45, 20, -6, 61, -99, -20, 39, -74, -81, -97, 42, -40, 75, 61, -74, 93, -37, 70, 59, 46, 14, -84, 29, -18, 60, -68, -3, 29, 50, -51, -15, 30, -17, 39, 35, -62, 41, -100, 85, -45, -82, 52, -14
-13, 86, 58, -7, -61, -23, -2, 21, 85, 28, 51, -39, 31, -74, 88, -48, 29, -3, -54, 92, -36, -75, -29, -4, -57, 58, -76, 16, -19, -6, 93, -97, -62, 77, 38
-53, 97, -36, 1, 100, -47, -7, -12, -10, -16, -58, -98, -72, 62, 78, 34, -66, 12, -47, 50, 48, -82, -15, -61, 93, -9, 99, -24, -48, -100, 41, 93, 15, -33, 26, -61, -52, -28, -58, -51, -79, 15, -9, 35, 35, 50, 77, -23, 39, -84, -38, 97, 70, 99, 12, 20, 25, -35, 54
67, 70, 48, -85, -18, 91, -68, -48, 13, 66, -84, 9, -18, -72, 32, -46, -89, 93, -33, 81, 63, -79, 36, -10, 0, 69, -68, 27, 68, -28, -59, 34, 51, 93, 94, -63, -1, 3, 7, 38, -36, -97, 21, -73, 28, 82, 22, 25, -58, -46, -72, 69, 81, -28, 2, 12, -13, -39, 50, 59, -65, 2, -33, 83, 30, 48, -84, 0, -42
55, 55, 2, 58, -71, 22, -14, -66, 8, 97, -48, 20, 100, 1, 92, 19, 67, -73, -58, 15, 85, -11, 64, 36, -75, -5, 4, 46, -79, 46, 97, -11, 34, 43, -54, 80, 87, -59, -14, 85, -43, 44, -95, -100, 76, 36, 35, 93, -72, 41, -59, 24, -32, 68, 7, 32, 33, -54, 97, 1, -3, -97, -64, -66, -24, 20, -25, 28, 9, 66, -1, 73, 11, 12, -20, -27, 12, -81, -93, 11, 28, -48, -6, -28, 60
