877 -440
329 605
-831 699
472 119
221 630
-744 905
714 316
954 -184
885 -613
634 578
-27 -632
-83 -799
-617 536
930 -630
-445 -46
407 -977
723 -870
-623 -902
598 -69
-266 -877
987 -406
966 -261
172 -791
-438 435
-218 65
82 -295
60 -222
-914 67
-128 -989
-230 -693
104 -968
206 152
-194 -725
198 578
395 208
-556 -512
613 -714
304 -363
-230 539
-906 250
899 293
904 -704
352 43
-393 864
434 -550
272 -820
-677 4
853 806
888 284
987 -251
-861 20
-402 485
-111 645
-157 -304
552 176
-75 -851
134 -975
488 -44
913 -114
141 469
619 -327
896 -72
252 531
-237 -879
350 -531
-713 -475
863 720
176 -409
-959 -726
576 462
-793 -221
-834 -889
373 153
-265 910
-188 -784
405 -976
-933 -22
7 795
-766 740
-709 750
22 -299
733 -273
-445 -968
35 640
-788 162
718 445
661 692
-377 512
-230 563
241 -337
-179 -693
198 172
-51 565
603 -453
-193 417
-927 -703
-81 923
838 -270
970 -124
795 823
