783508 1 0
-991165 0 1
-403114 1 1
694375 0 1
-625776 1 1
-984200 0 1
-567675 0 0
-77560 0 0
-124358 1 0
-810037 0 1
-429701 1 0
317231 0 1
919617 1 0
-372775 1 1
974707 1 1
-428019 1 0
634010 0 1
631589 1 0
245491 0 0
-860703 1 1
-386442 0 0
90256 1 1
721441 0 0
-956206 1 0
236568 1 1
340989 0 0
-722839 1 1
-541788 1 1
-114194 1 0
-285235 0 0
-69670 0 1
-658259 1 0
565754 1 1
-534894 0 0
183819 0 0
-869311 1 0
415418 0 0
-585669 1 0
-859079 0 1
-521882 0 1
904930 1 1
733448 1 1
690672 1 0
-351223 0 0
581866 1 1
693281 1 0
-20457 0 0
-389156 1 1
-352329 0 1
-413166 1 0
209195 0 1
19733 0 0
434097 0 1
-910322 1 1
-388475 1 1
285460 0 0
335300 0 0
693920 1 1
27441 0 0
-790347 0 0
338990 0 1
-327537 0 1
-574650 0 0
