202842 1 0
-645741 1 0
-170691 0 1
-165619 1 1
222351 1 0
100026 1 1
-742935 1 1
-350330 1 1
346608 1 1
924340 0 0
-96809 0 0
470258 1 1
-556482 0 0
-377624 0 0
403163 1 1
264749 1 1
-484352 0 0
110219 0 0
-817934 1 1
803773 0 0
-169027 0 0
-337484 1 1
360694 1 1
916882 1 1
-160455 0 0
720819 0 0
797288 1 1
-169054 0 0
236718 0 0
-6231 1 1
436611 1 1
985353 0 0
881664 0 0
-913123 1 1
-199797 0 0
-783762 0 0
-256813 1 1
-702310 1 1
677198 1 1
721889 1 1
32689 0 1
452226 0 0
669594 0 1
-628440 0 0
-214851 1 1
-62873 1 0
-934471 0 0
-711761 1 1
-734368 0 0
-556399 0 0
-265749 1 1
327995 1 0
-211601 1 0
-271193 0 0
71319 1 1
-668323 1 1
-362537 0 0
-222064 0 0
-712034 1 0
-393509 0 0
-312818 1 1
46788 1 1
-387131 1 1
411132 1 1
-471632 0 0
-861109 0 0
858489 1 1
606158 0 0
352025 0 0
-210168 1 1
779036 1 1
707104 0 0
945391 0 0
776990 1 1
913775 0 0
-597112 0 0
682908 1 1
-950136 1 1
473635 1 1
15850 0 0
259694 0 0
708537 1 1
4775 0 0
-328988 0 0
-808248 0 0
