197 -394 -810 819 812 -126 -702 -581 -89 -830 911 77 468 431 448 -779 528 -442 61 -471 237 488 779
-805 840 -870 -386 -211 360 -49 326 -466 -2 -297 -251 954 507 -815 166 175 696 783 596 -183 -675 -782
-504 -24 -563 -529 -765 598 262 233 -744 251 83 90 274 -491 748 462 -206 87 114 700 -287 -543 -487
-320 940 -162 322 595 812 -448 -806 13 835 511 -129 -441 -710 549 -328 235 -939 693 -879 -810 -116 -639
257 867 94 -860 -25 470 -893 -26 -1 -968 -751 -299 -405 -907 -321 -54 -198 285 -812 861 587 51 475
-116 -106 195 763 25 409 -9 -961 47 -5 -884 -441 996 919 -632 301 -734 71 -803 -505 578 -791 -384
190 882 777 -967 315 72 841 -150 818 -882 239 -119 916 13 825 774 -545 332 634 227 -480 -378 261
-953 -935 157 346 -865 664 -112 867 726 -121 883 107 55 433 11 -682 32 -591 404 -598 648 817 -840
-588 311 -258 -651 -189 -557 -418 -127 978 564 654 -354 681 730 -585 353 873 804 215 -903 608 -254 126
-282 -555 504 987 476 451 -9 -941 67 28 72 -119 341 941 293 -553 500 657 587 -457 287 637 -522
-786 312 453 569 -156 -696 -88 370 -63 855 -795 88 621 520 152 -746 -242 -262 47 917 -193 353 -812
304 -301 -510 976 369 -587 183 -489 -32 -157 -856 22 437 698 205 842 -921 -60 -434 259 -987 615 685
-209 286 252 -381 417 -875 562 676 55 850 -936 -204 233 603 -525 988 756 332 716 686 295 13 14
