232610 1 1
968498 0 1
-519837 0 0
-128046 1 1
432081 0 1
-336425 0 1
177657 1 0
-425401 0 1
131284 1 0
117504 1 0
-45512 0 1
-830565 1 1
382064 0 0
707351 1 1
773528 0 1
-216064 0 1
562857 0 1
-677856 1 0
-209040 0 1
-696179 0 1
723427 0 0
52427 1 1
-878011 1 1
-504813 0 1
820402 0 1
333222 1 1
-833073 0 1
677149 0 1
986016 1 1
-157633 1 1
-818735 0 1
-216727 1 0
212017 1 1
945390 1 0
-409558 0 1
-321174 0 0
-103379 0 1
-423245 1 0
933861 0 0
-844583 0 1
675495 1 1
204285 0 0
835718 0 0
-357138 0 0
-432159 1 0
-477849 1 0
760508 1 1
682800 1 0
522553 0 1
-194102 1 1
-148316 0 0
425635 1 1
-447356 1 0
735762 1 0
-380251 0 0
793363 0 0
-665927 0 0
866463 1 1
-448179 0 0
40763 0 1
-700465 0 0
-125323 1 0
44777 0 1
816323 0 0
-103390 0 1
745581 1 0
638997 0 1
761416 1 0
658966 0 1
880373 1 0
107978 0 1
-26347 1 0
3817 0 1
653901 1 0
562522 0 0
