-20      77   1    -64   149        -43         -76     
88 -84     174 -138   -3 -172 164        
-175   -102        -168        -166       41  -33         -73   
-77         193     -144    -45   95 179          148        
18          191         -186      -163          -20   24 -124       
136   43        161   -59          82 -33 -21  
-76    110      42     195     157      -34     14        
-197       -156  -174          -152     5        -113   113         
-27  -158          131 -124    52      -151      -27     
-48          160    48         -107   -184          9      -15       
