2   8          4        3         6       0 9          7         1  5       
7       8 1   9        4      5     6   0        3   2 
6     1 4    0         2   3          5        7       8        9  
0      8   3      2 4         1 7   6   9       5  
9 3   2        5        7     1        4       8  6  0   
8        0        3       9        5  2 7         1 6    4 
5     1       3       6     9        4 0   7        2  8          
7 2     1        8         3          5     4     0         6     9 
8       3        5      6     2   1          9          7    0 4       
8          2       5      1 9  3      0        4        7    6    
