diagonalUP 140 236 254 16 410 414
diagonalUP 9 172 61 197 66 399
diagonalDOWN 66 210 138 288 -1 491
diagonalDOWN 175 133 137 338 -13 289
diagonalUP 112 151 95 285 36 201
diagonalDOWN 189 238 160 -40 55 243
diagonalUP 204 11 44 75 167 470
diagonalDOWN 66 190 233 -14 31 336
diagonalUP 2 63 64 -9 247 309
diagonalUP 29 204 187 347 191 286
diagonalDOWN 206 78 16 270 47 496
diagonalDOWN 160 53 17 220 -50 376
diagonalDOWN 41 116 189 152 430 128
diagonalUP 184 177 96 47 379 487
diagonalDOWN 86 26 187 27 94 102
diagonalUP 149 238 185 341 452 397
diagonalDOWN 245 214 186 327 310 115
diagonalDOWN 254 111 57 327 119 373
diagonalDOWN 224 92 55 169 97 208
diagonalDOWN 4 244 216 153 126 386
diagonalDOWN 59 86 186 224 28 348
