diagonalDOWN 43 77 146 373 79 265
diagonalUP 234 235 100 478 365 311
diagonalDOWN 98 198 5 163 386 195
diagonalDOWN 176 75 33 231 366 156
diagonalUP 161 166 234 82 110 389
diagonalUP 146 68 249 160 379 126
diagonalDOWN 55 8 20 295 249 493
diagonalDOWN 74 196 173 16 61 245
diagonalDOWN 199 125 1 351 431 133
diagonalDOWN 124 134 37 334 441 458
diagonalUP 10 238 106 359 226 215
diagonalDOWN 240 21 24 148 384 136
diagonalDOWN 25 31 115 53 58 164
diagonalUP 14 234 239 256 202 335
diagonalUP 5 139 64 472 107 475
diagonalUP 78 59 31 149 487 432
diagonalUP 122 196 153 30 304 451
diagonalUP 82 133 39 34 307 438
diagonalUP 103 94 60 235 281 270
diagonalUP 204 26 133 441 280 339
diagonalUP 150 103 169 370 27 144
diagonalUP 183 10 100 480 77 233
diagonalDOWN 116 230 252 432 112 107
diagonalUP 64 63 203 161 86 340
diagonalUP 227 19 53 307 134 163
diagonalDOWN 62 118 219 491 69 186
diagonalDOWN 50 70 25 444 455 328
diagonalUP 94 152 53 230 125 100
diagonalUP 222 148 18 349 463 490
diagonalDOWN 71 71 208 383 213 192
diagonalDOWN 37 207 14 142 167 272
diagonalDOWN 62 51 183 -24 172 199
diagonalUP 0 230 207 87 307 463
diagonalDOWN 99 91 153 72 322 425
diagonalUP 181 165 185 -10 482 399
diagonalDOWN 53 192 23 398 413 142
diagonalDOWN 84 220 98 40 268 486
diagonalDOWN 27 71 11 170 68 399
diagonalDOWN 203 54 152 169 210 173
diagonalUP 76 113 202 138 244 238
diagonalDOWN 151 122 238 322 468 315
diagonalUP 108 120 238 496 358 395
diagonalUP 123 112 10 50 447 310
diagonalUP 43 102 99 205 382 272
diagonalUP 235 124 68 334 477 210
diagonalDOWN 30 116 171 232 231 247
diagonalUP 139 135 12 284 -2 240
diagonalUP 59 5 243 475 442 471
diagonalUP 8 38 122 244 245 277
diagonalUP 114 128 143 264 313 423
diagonalUP 214 236 213 402 346 421
diagonalUP 238 89 108 294 212 220
diagonalUP 8 250 174 359 37 204
diagonalUP 108 123 124 247 340 256
diagonalDOWN 51 76 45 405 -5 168
