163  -83      28   185       -82         181       125 
141          -106         31          35        -180          -163          -198         
60      56         -37   -92   192          27      137  
-32         68    -121      -125   -39  -143         66          
45 -57 33         -187         23    -137        24   
87    91 -106     -186       57    68       179 
50       122 -196  112          -17     -74         181 
-23       33          22   -92     -57       100   3         
35      20       12   -64     55    101      -109         
118          -191         -110          -126    173 -101   -80        
