4444444444
4444444444
4444444444
4444444444
4444444444
4444444444
4444444444
4444444444
4444444444
4444444444
33333333333333333333333333333333333333333333333333
33333333333333333333333333333333333333333333333333
33333333333333333333333333333333333333333333333333
33333333333333333333333333333333333333333333333333
33333333333333333333333333333333333333333333333333
33333333333333333333333333333333333333333333333333
33333333333333333333333333333333333333333333333333
33333333333333333333333333333333333333333333333333
33333333333333333333333333333333333333333333333333
33333333333333333333333333333333333333333333333333
33333333333333333333333333333333333333333333333333
33333333333333333333333333333333333333333333333333
33333333333333333333333333333333333333333333333333
33333333333333333333333333333333333333333333333333
33333333333333333333333333333333333333333333333333
33333333333333333333333333333333333333333333333333
33333333333333333333333333333333333333333333333333
33333333333333333333333333333333333333333333333333
33333333333333333333333333333333333333333333333333
33333333333333333333333333333333333333333333333333
33333333333333333333333333333333333333333333333333
33333333333333333333333333333333333333333333333333
33333333333333333333333333333333333333333333333333
33333333333333333333333333333333333333333333333333
33333333333333333333333333333333333333333333333333
33333333333333333333333333333333333333333333333333
33333333333333333333333333333333333333333333333333
33333333333333333333333333333333333333333333333333
33333333333333333333333333333333333333333333333333
33333333333333333333333333333333333333333333333333
33333333333333333333333333333333333333333333333333
33333333333333333333333333333333333333333333333333
33333333333333333333333333333333333333333333333333
33333333333333333333333333333333333333333333333333
33333333333333333333333333333333333333333333333333
33333333333333333333333333333333333333333333333333
33333333333333333333333333333333333333333333333333
33333333333333333333333333333333333333333333333333
33333333333333333333333333333333333333333333333333
33333333333333333333333333333333333333333333333333
33333333333333333333333333333333333333333333333333
33333333333333333333333333333333333333333333333333
33333333333333333333333333333333333333333333333333
33333333333333333333333333333333333333333333333333
33333333333333333333333333333333333333333333333333
33333333333333333333333333333333333333333333333333
33333333333333333333333333333333333333333333333333
33333333333333333333333333333333333333333333333333
33333333333333333333333333333333333333333333333333
33333333333333333333333333333333333333333333333333
